# Created by Octave 4.4.0, Sat Apr 27 17:37:22 2019 GMT <unknown@DESKTOP-A3OOBPS>
# name: data
# type: scalar struct
# ndims: 2
 1 1
# length: 5
# name: t
# type: matrix
# rows: 1
# columns: 425
 0 0.01 0.02 0.029999999999999999 0.040000000000000001 0.050000000000000003 0.060000000000000005 0.070000000000000007 0.080000000000000002 0.089999999999999997 0.099999999999999992 0.10999999999999999 0.11999999999999998 0.12999999999999998 0.13999999999999999 0.14999999999999999 0.16 0.17000000000000001 0.18000000000000002 0.19000000000000003 0.20000000000000004 0.21000000000000005 0.22000000000000006 0.23000000000000007 0.24000000000000007 0.25000000000000006 0.26000000000000006 0.27000000000000007 0.28000000000000008 0.29000000000000009 0.3000000000000001 0.31000000000000011 0.32000000000000012 0.33000000000000013 0.34000000000000014 0.35000000000000014 0.36000000000000015 0.37000000000000016 0.38000000000000017 0.39000000000000018 0.40000000000000019 0.4100000000000002 0.42000000000000021 0.43000000000000022 0.44000000000000022 0.45000000000000023 0.46000000000000024 0.47000000000000025 0.48000000000000026 0.49000000000000027 0.50000000000000022 0.51000000000000023 0.52000000000000024 0.53000000000000025 0.54000000000000026 0.55000000000000027 0.56000000000000028 0.57000000000000028 0.58000000000000029 0.5900000000000003 0.60000000000000031 0.61000000000000032 0.62000000000000033 0.63000000000000034 0.64000000000000035 0.65000000000000036 0.66000000000000036 0.67000000000000037 0.68000000000000038 0.69000000000000039 0.7000000000000004 0.71000000000000041 0.72000000000000042 0.73000000000000043 0.74000000000000044 0.75000000000000044 0.76000000000000045 0.77000000000000046 0.78000000000000047 0.79000000000000048 0.80000000000000049 0.8100000000000005 0.82000000000000051 0.83000000000000052 0.84000000000000052 0.85000000000000053 0.86000000000000054 0.87000000000000055 0.88000000000000056 0.89000000000000057 0.90000000000000058 0.91000000000000059 0.9200000000000006 0.9300000000000006 0.94000000000000061 0.95000000000000062 0.96000000000000063 0.97000000000000064 0.98000000000000065 0.99000000000000066 1.0000000000000007 1.0100000000000007 1.0200000000000007 1.0300000000000007 1.0400000000000007 1.0500000000000007 1.0600000000000007 1.0700000000000007 1.0800000000000007 1.0900000000000007 1.1000000000000008 1.1100000000000008 1.1200000000000008 1.1300000000000008 1.1400000000000008 1.1500000000000008 1.1600000000000008 1.1700000000000008 1.1800000000000008 1.1900000000000008 1.2000000000000008 1.2100000000000009 1.2200000000000009 1.2300000000000009 1.2400000000000009 1.2500000000000009 1.2600000000000009 1.2700000000000009 1.2800000000000009 1.2900000000000009 1.3000000000000009 1.3100000000000009 1.320000000000001 1.330000000000001 1.340000000000001 1.350000000000001 1.360000000000001 1.370000000000001 1.380000000000001 1.390000000000001 1.400000000000001 1.410000000000001 1.420000000000001 1.430000000000001 1.4400000000000011 1.4500000000000011 1.4600000000000011 1.4700000000000011 1.4800000000000011 1.4900000000000011 1.5000000000000011 1.5100000000000011 1.5200000000000011 1.5300000000000011 1.5400000000000011 1.5500000000000012 1.5600000000000012 1.5700000000000012 1.5800000000000012 1.5900000000000012 1.6000000000000012 1.6100000000000012 1.6200000000000012 1.6300000000000012 1.6400000000000012 1.6500000000000012 1.6600000000000013 1.6700000000000013 1.6800000000000013 1.6900000000000013 1.7000000000000013 1.7100000000000013 1.7200000000000013 1.7300000000000013 1.7400000000000013 1.7500000000000013 1.7600000000000013 1.7700000000000014 1.7800000000000014 1.7900000000000014 1.8000000000000014 1.8100000000000014 1.8200000000000014 1.8300000000000014 1.8400000000000014 1.8500000000000014 1.8600000000000014 1.8700000000000014 1.8800000000000014 1.8900000000000015 1.9000000000000015 1.9100000000000015 1.9200000000000015 1.9300000000000015 1.9400000000000015 1.9500000000000015 1.9600000000000015 1.9700000000000015 1.9800000000000015 1.9900000000000015 2.0000000000000013 2.0100000000000011 2.0200000000000009 2.0300000000000007 2.0400000000000005 2.0500000000000003 2.0600000000000001 2.0699999999999998 2.0799999999999996 2.0899999999999994 2.0999999999999992 2.109999999999999 2.1199999999999988 2.1299999999999986 2.1399999999999983 2.1499999999999981 2.1599999999999979 2.1699999999999977 2.1799999999999975 2.1899999999999973 2.1999999999999971 2.2099999999999969 2.2199999999999966 2.2299999999999964 2.2399999999999962 2.249999999999996 2.2599999999999958 2.2699999999999956 2.2799999999999954 2.2899999999999952 2.2999999999999949 2.3099999999999947 2.3199999999999945 2.3299999999999943 2.3399999999999941 2.3499999999999939 2.3599999999999937 2.3699999999999934 2.3799999999999932 2.389999999999993 2.3999999999999928 2.4099999999999926 2.4199999999999924 2.4299999999999922 2.439999999999992 2.4499999999999917 2.4599999999999915 2.4699999999999913 2.4799999999999911 2.4899999999999909 2.4999999999999907 2.5099999999999905 2.5199999999999902 2.52999999999999 2.5399999999999898 2.5499999999999896 2.5599999999999894 2.5699999999999892 2.579999999999989 2.5899999999999888 2.5999999999999885 2.6099999999999883 2.6199999999999881 2.6299999999999879 2.6399999999999877 2.6499999999999875 2.6599999999999873 2.6699999999999871 2.6799999999999868 2.6899999999999866 2.6999999999999864 2.7099999999999862 2.719999999999986 2.7299999999999858 2.7399999999999856 2.7499999999999853 2.7599999999999851 2.7699999999999849 2.7799999999999847 2.7899999999999845 2.7999999999999843 2.8099999999999841 2.8199999999999839 2.8299999999999836 2.8399999999999834 2.8499999999999832 2.859999999999983 2.8699999999999828 2.8799999999999826 2.8899999999999824 2.8999999999999821 2.9099999999999819 2.9199999999999817 2.9299999999999815 2.9399999999999813 2.9499999999999811 2.9599999999999809 2.9699999999999807 2.9799999999999804 2.9899999999999802 2.99999999999998 3.0099999999999798 3.0199999999999796 3.0299999999999794 3.0399999999999792 3.049999999999979 3.0599999999999787 3.0699999999999785 3.0799999999999783 3.0899999999999781 3.0999999999999779 3.1099999999999777 3.1199999999999775 3.1299999999999772 3.139999999999977 3.1499999999999768 3.1599999999999766 3.1699999999999764 3.1799999999999762 3.189999999999976 3.1999999999999758 3.2099999999999755 3.2199999999999753 3.2299999999999751 3.2399999999999749 3.2499999999999747 3.2599999999999745 3.2699999999999743 3.279999999999974 3.2899999999999738 3.2999999999999736 3.3099999999999734 3.3199999999999732 3.329999999999973 3.3399999999999728 3.3499999999999726 3.3599999999999723 3.3699999999999721 3.3799999999999719 3.3899999999999717 3.3999999999999715 3.4099999999999713 3.4199999999999711 3.4299999999999708 3.4399999999999706 3.4499999999999704 3.4599999999999702 3.46999999999997 3.4799999999999698 3.4899999999999696 3.4999999999999694 3.5099999999999691 3.5199999999999689 3.5299999999999687 3.5399999999999685 3.5499999999999683 3.5599999999999681 3.5699999999999679 3.5799999999999677 3.5899999999999674 3.5999999999999672 3.609999999999967 3.6199999999999668 3.6299999999999666 3.6399999999999664 3.6499999999999662 3.6599999999999659 3.6699999999999657 3.6799999999999655 3.6899999999999653 3.6999999999999651 3.7099999999999649 3.7199999999999647 3.7299999999999645 3.7399999999999642 3.749999999999964 3.7599999999999638 3.7699999999999636 3.7799999999999634 3.7899999999999632 3.799999999999963 3.8099999999999627 3.8199999999999625 3.8299999999999623 3.8399999999999621 3.8499999999999619 3.8599999999999617 3.8699999999999615 3.8799999999999613 3.889999999999961 3.8999999999999608 3.9099999999999606 3.9199999999999604 3.9299999999999602 3.93999999999996 3.9499999999999598 3.9599999999999596 3.9699999999999593 3.9799999999999591 3.9899999999999589 3.9999999999999587 4.0099999999999589 4.0199999999999587 4.0299999999999585 4.0399999999999583 4.0499999999999581 4.0599999999999579 4.0699999999999577 4.0799999999999574 4.0899999999999572 